Celsius3:4.444444444444445
Celsius2:21.11111111111111
Celsius5:-12.222222222222221
Celsius4:-1.1111111111111112
Celsius1:35.0
Celsius0:26.666666666666668
Celsius7:24.444444444444443
Celsius6:17.77777777777778
Celsius9:1.1111111111111112
Celsius8:29.444444444444443
